
10000
20
33330
110
4353634
23426623
121123
5656
85678657
45643
523423
6345632
1
1

235342
3
45
34
5
3
575
7
65
7
56
7
56576576
456
456
4
56
3
43
45

8
67867
8
67
10000
20
33330
110
4353634
23426623
121123
5656
85678657
45643
523423
6345632
1
1

235342
3
45
34
5
3
575
7
65
7
56
7
56576576
456
456
4
56
3
43
45

8
67867
8
67
10000
20
33330
110
4353634
23426623
121123
5656
85678657
45643
523423
6345632
1
1

235342
3
45
34
5
3
575
7
65
7
56
7
56576576
456
456
4
56
3
43
45

8
67867
8
67
10000
20
33330
110
4353634
23426623
121123
5656
85678657
45643
523423
6345632
1
1

235342
3
45
34
5
3
575
7
65
7
56
7
56576576
456
456
4
56
3
43
45

8
67867
8
67
10000
20
33330
110
4353634
23426623
121123
5656
85678657
45643
523423
6345632
1
1

235342
3
45
34
5
3
575
7
65
7
56
7
56576576
456
456
4
56
3
43
45

8
67867
8
67
10000
20
33330
110
4353634
23426623
121123
5656
85678657
45643
523423
6345632
1
1

235342
3
45
34
5
3
575
7
65
7
56
7
56576576
456
456
4
56
3
43
45

8
67867
8
67
10000
20
33330
110
4353634
23426623
121123
5656
85678657
45643
523423
6345632
1
1

235342
3
45
34
5
3
575
7
65
7
56
7
56576576
456
456
4
56
3
43
45

8
67867
8
67
10000
20
33330
110
4353634
23426623
121123
5656
85678657
45643
523423
6345632
1
1

235342
3
45
34
5
3
575
7
65
7
56
7
56576576
456
456
4
56
3
43
45

8
67867
8
67
8
8

8
8
8

8
8
8